<Phenotype>
taxa	covariate	covariate	covariate	covariate	covariate
Taxa	PC1	PC2	PC3	PC4	PC5
PS000025	11.82505	-3.4399917	-4.1185293	1.9724255	-0.24457215
PS000026	1.7279012	-2.0974407	-7.1107497	-2.2328978	-5.5526
PS000027	0.028062785	-4.955938	-12.646351	-9.733788	-3.8992128
PS000028	-3.789463	-0.06579995	8.741021	0.40261474	3.249719
PS000030	10.283181	-6.93489	14.277614	4.0192823	-15.473026
PS000031	12.704276	3.22262	4.8554196	8.1790085	-22.179678
PS000032	-9.518012	-2.1889021	-11.641704	-14.6060505	6.1032043
PS000033	5.9893403	14.576168	-8.185532	-19.637545	0.8151077
PS000034	12.491883	1.1334347	5.471144	-2.2015517	-3.0284498
PS000037	22.229855	18.43744	4.470236	-8.049095	-1.3582859
PS000038	-5.473909	-0.4569439	0.39308643	5.250938	2.9678
PS000045	-28.799768	4.4468083	3.0518546	-11.664387	-0.12640615
PS000047	-21.037521	16.772335	19.086866	-2.7629285	-4.9081593
PS000048	-20.106955	17.004732	-13.080916	-7.4609256	4.808534
PS000050	5.3205204	11.916847	-10.4767275	12.516234	2.6258712
PS000051	9.08154	4.5615125	1.4471259	3.4663796	1.3311036
PS000052	10.011596	-1.9647161	0.8752189	7.3534727	1.2260578
PS000053	7.055666	6.0650635	-7.6381817	-4.9977255	5.3049874
PS000054	13.681621	2.6597865	13.552441	-5.148703	5.5356383
PS000055	22.06157	3.7765932	13.077162	-11.1722145	8.547164
PS000056	1.6844767	3.3945448	9.895762	-5.8547544	-1.8937703
PS000057	-16.610231	13.712961	16.94295	-3.4332976	-6.310362
PS000063	9.464994	0.41606113	2.0678515	7.241224	4.3936186
PS000065	-14.998603	5.897349	7.3208365	1.7967215	6.0670376
PS000066	-2.8299997	1.8678979	-6.505708	-5.7792354	-4.5477667
PS000067	-5.3517237	4.980035	-8.196866	-1.6505191	0.32542983
PS000068	-16.144403	20.23334	-1.5202525	9.421315	3.021436
PS000069	-7.8266435	13.788798	4.705604	6.918206	5.2165985
PS000071	14.572746	1.765181	3.3639874	1.9057537	4.731406
PS000072	-18.62926	31.52578	5.245487	5.628984	4.43016
PS000073	2.7559962	7.9667397	9.186901	-3.3592122	6.998661
PS000074	-8.160052	-13.894363	0.09564521	21.17035	-3.018336
PS000075	-6.885637	-13.879284	-0.73268694	17.826363	-1.0791682
PS000076	4.597646	9.632376	2.9763246	2.95062	-1.3265748
PS000077	5.2279606	2.8033092	0.52070814	5.0856786	0.05589692
PS000078	-2.7220573	-0.098960884	4.712172	7.642346	0.40427437
PS000079	0.60734457	0.7233358	-7.0392814	2.8030999	1.4591159
PS000081	13.165142	5.793474	-10.794415	17.164253	1.6073794
PS000092	13.345008	3.736254	0.76268286	-6.9208627	-1.8560034
PS000094	-2.6527512	-6.622938	-1.2270824	10.56567	-3.7279795E-4
PS000095	-7.6862183	-14.012132	-0.21994819	21.451809	-2.474992
PS000096	4.98325	-1.2220484	-0.6183425	10.595621	2.7469964
PS000097	-10.929593	1.1733565	-10.084761	-7.2372766	9.862096
PS000098	3.281108	-0.53443503	-7.7098584	5.664148	2.5669456
PS000100	-2.2567189	3.6336114	-10.779803	-6.9269567	-25.63195
PS000102	-21.02486	19.728516	0.19712414	5.138286	4.799651
PS000103	-9.85573	-7.6757817	-17.829967	7.4966097	7.1259356
PS000104	-22.406067	9.157513	6.5461607	5.138299	0.5938096
PS000105	6.265284	-6.1584573	-7.442398	7.3045444	0.3439369
PS000106	2.614372	2.3150811	-9.38403	-4.40589	3.8912938
PS000107	11.519875	5.835087	-10.176893	15.932412	1.5485889
PS000109	-5.494164	-10.083074	7.9867206	3.8532815	0.32412505
PS000110	20.196167	17.692131	4.822687	-9.296491	2.1803632
PS000111	-2.8688653	-9.240192	15.491377	-4.337812	-7.323677
PS000112	-10.04366	-4.236314	7.446062	-0.54048765	-1.5135607
PS000113	5.253485	-5.7991157	-8.074504	-5.0924225	-3.6484087
PS000114	-4.144572	-3.4759529	-6.372427	-5.8515677	14.1446
PS000115	2.4191806	-2.001887	6.273985	6.9611077	-6.054922
PS000117	-11.170803	-4.1961303	-5.4029155	-5.675699	-6.6028194
PS000118	21.811062	11.109812	6.2872186	-9.408121	7.1668463
PS000119	0.7755404	-10.029631	23.237396	-2.0336156	14.6432085
PS000121	18.2827	-2.70592	14.151873	-6.2032394	8.50306
PS000122	19.040104	-4.577791	13.125555	-6.6120043	7.2783375
PS000123	-11.521193	20.408438	3.4239106	2.644219	4.6114554
PS000124	0.49005613	-8.8872385	-11.880187	-11.278482	1.8384298
PS000126	13.439012	6.8587117	-6.6770883	14.154017	1.8810288
PS000127	0.75519407	19.520712	-0.6873107	10.414769	0.45357972
PS000128	11.358068	-0.010102174	2.5469217	1.275856	6.4840255
PS000130	0.3067746	-6.780495	11.088613	-0.96378505	6.4730744
PS000131	11.238493	-2.705174	-0.7675953	-0.39745587	6.082977
PS000132	3.1731746	-9.28578	-3.8161724	-16.283936	1.331492
PS000133	-7.5877337	-16.90842	2.065911	-8.502578	-6.581491
PS000135	2.3779342	-9.404997	10.689075	-2.075576	2.742374
PS000136	4.502639	-7.329177	-10.732322	-2.6393983	-1.9949386
PS000137	-2.0483592	-9.990696	15.23592	-0.8765846	6.940035
PS000138	-10.452611	-16.66287	1.485364	-6.7596855	-0.6479974
PS000139	-11.468265	-22.405548	8.580687	-12.7617855	-8.540359
PS000140	1.5442486	-1.625773	-2.3886194	-9.829256	2.2992117
PS000141	-13.87348	-13.337794	7.5970488	-13.4298315	-0.029632296
PS000142	-7.230062	-15.968149	8.157576	-4.402517	5.339784
PS000143	0.23814388	-9.203988	-3.5962825	-6.3930893	4.1964297
PS000144	-2.9168067	-8.894136	14.899312	-4.2723594	-7.3321075
PS000145	11.148023	-10.706845	10.7442465	-4.3858414	1.9381994
PS000146	-4.766631	-16.850122	2.4985962	-4.677958	-8.241922
PS000147	-4.2558823	-20.435497	10.27175	-6.7630167	-1.1189135
PS000148	1.0882727	-1.7017951	-1.8683207	-3.130079	15.67384
PS000149	-4.9367065	-15.333456	5.221588	-3.1239765	8.836491
PS000150	-10.788263	4.2001724	0.7648194	0.6330235	4.3040185
PS000151	-21.283972	1.588772	0.1386934	-12.8540745	-10.293213
PS000152	-9.461615	19.028124	7.289012	1.7032664	6.557244
PS000153	-11.268648	-6.8985753	9.10201	6.7923546	4.71737
PS000154	-7.1201887	-2.1539931	-14.752089	-11.088835	9.552019
PS000156	-13.40682	7.09612	-13.396626	-10.79124	4.8861494
PS000157	-7.1888466	-9.354635	-16.30893	-9.520523	5.167409
PS000158	-3.3379803	-2.6113987	-8.244004	-2.0896106	9.9434185
PS000159	-17.00461	3.6054738	1.2000425	-6.8760405	1.622731
PS000160	3.5940661	-7.542838	-0.12416531	1.4987619	-4.397882
PS000161	4.8105903	1.4726764	-10.598906	7.731953	0.05123467
PS000164	1.4773991	-6.0778947	-1.7541826	13.297092	1.4130483
PS000169	3.8729758	-0.9775622	-9.383272	-2.62812	-11.6692295
PS000173	-7.8439674	-5.4005704	4.2054815	6.5720015	-8.056099
PS000174	10.449894	1.6277381	-1.8051323	-2.3305767	-3.464053
PS000175	2.8697932	-1.8494146	-1.4099419	2.1573663	4.3324494
PS000177	8.14966	1.3459921	1.3532268	-0.4632583	11.212326
PS000178	-14.645311	11.519317	15.530019	-2.8311884	-5.4649844
PS000179	1.5006678	2.0793862	3.1001623	0.638653	4.636512
PS000181	-21.632355	15.503252	16.766335	-2.2137084	-5.0614476
PS000182	20.042482	17.549278	4.1930304	-7.9841466	-2.0620942
PS000183	-2.0226161	4.1513977	-10.931967	-7.671604	-27.244396
PS000184	19.396301	17.07957	4.658958	-8.836859	1.8266187
PS000185	1.4301403	-7.442375	-5.675854	7.9988394	7.574658
PS000187	-5.0088887	-0.6500234	-15.103332	-12.637978	1.3602747
PS000188	0.37158293	-6.2087817	6.8191113	10.845796	-12.932649
PS000189	-0.78494525	-5.426127	-8.321656	11.371761	3.827243
PS000191	-20.341887	23.592224	-0.4984063	6.791466	2.4815311
PS000192	-7.120962	-15.557756	6.4554663	3.9783292	9.431694
PS000193	-8.077804	-10.515068	3.430121	14.989265	-2.1680918
PS000194	-11.074552	-2.4069362	1.223832	9.318635	2.293803
PS000195	3.9533849	-5.154097	2.4745965	-7.5529585	-1.2261859
PS000196	4.104599	11.908706	4.8538036	6.4439397	-13.430826
PS000197	-1.5451965	-2.1702223	0.5249031	9.556715	-5.197603
PS000198	11.999642	-1.8160809	-8.021081	6.31615	6.6685266
PS000199	3.9700453	-2.1169486	-14.189254	-5.3555775	-5.3815017
PS000200	-4.394667	-0.6075678	2.736982	6.36265	-9.415793
PS000202	14.361593	1.328684	2.3271983	-7.3135347	-1.3153296
PS000205	-0.733329	3.0903094	-10.357907	-5.1169343	-24.881977
PS000210	-10.464638	1.8875736	13.514674	2.4712684	-3.795811
PS000211	3.187429	14.083917	2.5828323	7.732619	-21.060503
PS000212	3.2854097	0.87701124	-6.474026	-3.9344056	8.368107
PS000214	11.879932	-2.6945293	-4.607814	6.18882	6.416945
PS000362	0.7710432	-0.3553903	-2.9740484	0.2556927	1.8170348
PS000367	-1.735056	2.4506676	-0.23089334	7.3861012	5.816284
PS000370	2.3218286	-3.0250833	-2.5546486	-0.14805013	-0.75085294
PS000423	12.085523	-1.9749446	2.9031856	-1.7934322	-6.309776
PS000428	-4.39424	-8.24137	-2.8122647	-8.616021	-10.504039
PS000430	3.7237391	-12.092658	-0.91643566	3.7908497	-4.1870456
PS000432	5.485125	-5.738532	-8.475308	6.9149127	-1.1020056
PS000433	8.000635	-1.4658679	-3.1615844	-0.44641292	-2.558412
PS000436	3.135832	2.0448587	-3.439342	-0.16733551	1.5249054
PS000437	13.003881	5.495635	-11.513839	16.77224	1.1036932
PS000440	5.85029	-6.3800845	-9.697443	-6.4975176	-6.378152
PS000441	4.2684727	5.462935	-2.3545034	2.8220198	4.312832
PS000444	12.771497	-6.8878717	2.1641426	-0.9141259	-3.3387244
PS000566	-9.836478	-8.665966	-18.562868	8.404659	6.1556334
PS000567	-6.501308	-1.8613515	-21.331604	-18.065634	0.7682534
PS000568	1.1732006	-10.36393	22.074205	-1.6869668	13.843244
PS000569	-2.8523045	-8.89874	-11.642695	11.488732	4.7878895
PS000570	14.969054	-4.61165	5.8958755	5.7425704	-19.128248
PS000571	7.1240354	-1.2655289	5.0915375	4.248863	1.6327173
PS000572	6.163679	13.121044	-9.6247425	-19.059637	0.23776203
PS000573	-14.564681	-9.229776	-6.3556547	2.891035	-4.4171495
PS000574	17.10965	14.066939	5.3961096	-4.042508	-7.367665
PS000575	-3.7685122	6.167704	-10.907999	13.348961	2.388173
