# PSC	[2]id	[3]sample	[4]nRefHom	[5]nNonRefHom	[6]nHets	[7]nTransitions	[8]nTransversions	[9]nIndels	[10]average depth	[11]nSingletons	[12]nHapRef	[13]nHapAlt	[14]nMissing
PSC	0	PS000025	12865	4674	2208	2143	4733	415	13.3	0	0	0	989
PSC	0	PS000026	9492	3495	2213	1824	3881	356	5.4	0	0	0	5747
PSC	0	PS000027	11956	4517	2496	2170	4842	402	12.0	0	0	0	1819
PSC	0	PS000028	10604	2934	6508	2920	6526	520	25.2	0	0	0	328
PSC	0	PS000030	12654	4935	2344	2244	5033	471	18.7	0	0	0	630
PSC	0	PS000031	12010	5396	2585	2506	5470	497	20.1	0	0	0	528
PSC	0	PS000032	12352	4238	2658	2148	4748	402	9.2	0	0	0	1499
PSC	0	PS000033	12257	5544	2411	2398	5554	493	22.5	0	0	0	254
PSC	0	PS000034	11234	3486	2648	1929	4206	385	5.0	0	0	0	3460
PSC	0	PS000037	12344	5734	2152	2334	5548	490	24.1	0	0	0	263
PSC	0	PS000038	11645	5588	2585	2600	5570	516	22.6	0	0	0	662
PSC	0	PS000045	11907	5167	2637	2414	5389	448	11.8	0	0	0	887
PSC	0	PS000047	13112	4879	2014	2125	4763	406	25.3	0	0	0	684
PSC	0	PS000048	11504	6070	2493	2665	5896	511	22.2	0	0	0	418
PSC	0	PS000050	12171	5212	2151	2277	5087	506	16.0	0	0	0	1021
PSC	0	PS000051	10555	3511	1967	1722	3752	364	4.3	0	0	0	4850
PSC	0	PS000052	11518	4205	2347	2062	4488	426	5.0	0	0	0	2703
PSC	0	PS000053	12302	4847	3099	2413	5533	489	15.6	0	0	0	273
PSC	0	PS000054	11984	4557	2434	2157	4832	429	10.9	0	0	0	1667
PSC	0	PS000055	13019	4613	2269	2119	4761	439	12.9	0	0	0	746
PSC	0	PS000056	11246	4089	2241	1912	4413	395	7.2	0	0	0	3208
PSC	0	PS000057	11490	4448	2512	2107	4847	433	7.8	0	0	0	2223
PSC	0	PS000063	11360	4590	2505	2173	4916	450	7.1	0	0	0	2172
PSC	0	PS000065	9601	3447	3003	1956	4495	362	4.7	0	0	0	4790
PSC	0	PS000066	11154	4131	2965	2231	4861	434	8.7	0	0	0	2499
PSC	0	PS000067	8819	3409	2318	1800	3926	374	3.7	0	0	0	6340
PSC	0	PS000068	11045	5281	3154	2563	5872	496	16.2	0	0	0	1028
PSC	0	PS000069	10852	4306	2505	2095	4715	416	6.4	0	0	0	3046
PSC	0	PS000071	12106	4875	2189	2166	4896	452	7.3	0	0	0	1461
PSC	0	PS000072	11731	6142	2317	2572	5886	490	19.9	0	0	0	314
PSC	0	PS000073	11992	4301	2200	2011	4489	375	8.1	0	0	0	2321
PSC	0	PS000074	10916	4520	2851	2344	5025	451	10.9	0	0	0	2350
PSC	0	PS000075	10679	3766	3008	2139	4636	407	6.3	0	0	0	3287
PSC	0	PS000076	9013	3554	2262	1776	4035	358	4.6	0	0	0	6036
PSC	0	PS000077	9920	3647	2412	1906	4154	373	4.6	0	0	0	4902
PSC	0	PS000078	9461	3031	6123	2894	6259	526	8.9	0	0	0	1805
PSC	0	PS000079	9135	2828	4660	2318	5170	431	4.7	0	0	0	4032
PSC	0	PS000081	12155	5394	2177	2358	5209	492	12.8	0	0	0	854
PSC	0	PS000092	12384	4990	2281	2233	5033	461	11.3	0	0	0	914
PSC	0	PS000094	6500	1860	2701	1419	3141	259	2.4	0	0	0	10126
PSC	0	PS000095	10990	4591	2772	2338	5023	459	13.3	0	0	0	2250
PSC	0	PS000096	11252	4609	2415	2274	4749	425	8.5	0	0	0	2444
PSC	0	PS000097	10775	4027	2264	1938	4355	374	6.4	0	0	0	3828
PSC	0	PS000098	11086	4430	2576	2162	4842	425	7.6	0	0	0	2610
PSC	0	PS000100	10727	5357	2739	2527	5566	510	6.6	0	0	0	1682
PSC	0	PS000102	10654	5065	2877	2449	5491	442	6.4	0	0	0	2023
PSC	0	PS000103	11523	5484	3003	2635	5848	487	13.0	0	0	0	551
PSC	0	PS000104	11654	4656	2755	2312	5095	433	8.2	0	0	0	1590
PSC	0	PS000105	12322	5095	2484	2362	5217	469	11.4	0	0	0	746
PSC	0	PS000106	12316	3570	4133	2330	5373	471	12.6	0	0	0	533
PSC	0	PS000107	11594	4788	2152	2193	4745	455	7.9	0	0	0	2108
PSC	0	PS000109	13365	4250	2208	2040	4411	406	8.7	0	0	0	996
PSC	0	PS000110	12515	5333	2152	2206	5279	479	15.2	0	0	0	516
PSC	0	PS000111	13766	4008	2203	1985	4224	376	11.6	0	0	0	869
PSC	0	PS000112	13085	3851	2351	1981	4218	380	12.5	0	0	0	1575
PSC	0	PS000113	10127	3355	2428	1810	3968	353	4.2	0	0	0	5005
PSC	0	PS000114	13278	4495	2215	2099	4610	389	10.1	0	0	0	772
PSC	0	PS000115	10177	2440	6476	2739	6177	540	6.7	0	0	0	1309
PSC	0	PS000117	12314	4996	2489	2286	5196	438	11.3	0	0	0	886
PSC	0	PS000118	12915	4999	2127	2193	4929	446	12.3	0	0	0	560
PSC	0	PS000119	14190	4401	1979	1943	4436	376	19.2	0	0	0	207
PSC	0	PS000121	12927	4533	2585	2178	4937	414	13.9	0	0	0	618
PSC	0	PS000122	13471	4177	2254	1955	4473	414	12.9	0	0	0	809
PSC	0	PS000123	10343	4457	2359	2036	4776	421	7.1	0	0	0	3518
PSC	0	PS000124	13256	4039	2368	2022	4382	396	8.5	0	0	0	1125
PSC	0	PS000126	12530	5078	2208	2262	5020	473	10.0	0	0	0	766
PSC	0	PS000127	12473	5557	2192	2400	5347	481	18.7	0	0	0	324
PSC	0	PS000128	9848	3563	2024	1709	3875	372	3.6	0	0	0	5424
PSC	0	PS000130	11708	3069	2142	1593	3617	321	5.0	0	0	0	4047
PSC	0	PS000131	13901	4393	2049	2012	4428	359	14.2	0	0	0	519
PSC	0	PS000132	14421	3565	2156	1758	3960	366	14.2	0	0	0	782
PSC	0	PS000133	13566	3388	2320	1783	3920	342	7.8	0	0	0	1720
PSC	0	PS000135	12049	2840	2256	1602	3493	356	4.8	0	0	0	3795
PSC	0	PS000136	11554	4524	2521	2167	4874	429	7.5	0	0	0	2104
PSC	0	PS000137	13762	3861	2129	1847	4143	356	9.4	0	0	0	1100
PSC	0	PS000138	14222	3958	2157	1850	4260	353	14.6	0	0	0	581
PSC	0	PS000139	14732	3826	1981	1862	3941	380	22.9	0	0	0	386
PSC	0	PS000140	10129	2944	2588	1734	3796	338	3.4	0	0	0	5318
PSC	0	PS000141	15154	2841	2148	1606	3378	285	12.7	0	0	0	903
PSC	0	PS000142	12574	2428	2720	1629	3515	320	5.0	0	0	0	3342
PSC	0	PS000143	9704	2032	2396	1386	3043	270	3.3	0	0	0	6993
PSC	0	PS000144	13397	3832	2468	2001	4294	376	8.7	0	0	0	1130
PSC	0	PS000145	13953	4081	2338	2026	4389	364	13.6	0	0	0	465
PSC	0	PS000146	13753	3746	2248	1797	4194	361	13.8	0	0	0	1057
PSC	0	PS000147	13526	3390	2443	1824	4006	357	8.7	0	0	0	1592
PSC	0	PS000148	14026	3828	2123	1878	4072	350	10.6	0	0	0	857
PSC	0	PS000149	12860	3118	3752	2149	4721	421	10.8	0	0	0	964
PSC	0	PS000150	11887	4408	3030	2259	5177	400	7.5	0	0	0	1387
PSC	0	PS000151	13232	4981	2252	2193	5039	448	20.4	0	0	0	173
PSC	0	PS000152	11906	5301	2513	2438	5378	449	8.6	0	0	0	857
PSC	0	PS000153	11797	4361	3030	2321	5072	441	8.1	0	0	0	1498
PSC	0	PS000154	10152	3590	2272	1838	4025	352	4.4	0	0	0	4850
PSC	0	PS000156	11373	5173	2359	2341	5188	475	11.8	0	0	0	1652
PSC	0	PS000157	12575	4587	2471	2203	4852	408	9.9	0	0	0	1047
PSC	0	PS000158	9563	3232	2553	1827	3956	356	3.8	0	0	0	5555
PSC	0	PS000159	8905	3209	2643	1788	4063	361	3.9	0	0	0	6126
PSC	0	PS000160	10592	4097	2858	2169	4783	448	6.2	0	0	0	3117
PSC	0	PS000161	12511	5333	2245	2412	5162	490	16.1	0	0	0	448
PSC	0	PS000164	12362	4890	2454	2283	5059	465	11.3	0	0	0	899
PSC	0	PS000169	10613	4612	2224	2166	4672	428	12.2	0	0	0	3323
PSC	0	PS000173	10705	4684	2573	2236	5017	437	13.1	0	0	0	2787
PSC	0	PS000174	10125	3631	1906	1716	3821	337	8.3	0	0	0	5302
PSC	0	PS000175	7016	2142	1407	1118	2429	210	4.8	0	0	0	10700
PSC	0	PS000177	10008	3275	1706	1550	3431	281	6.6	0	0	0	6067
PSC	0	PS000178	10357	3915	2117	1825	4201	372	9.2	0	0	0	4469
PSC	0	PS000179	9635	3778	1740	1733	3784	325	7.9	0	0	0	5819
PSC	0	PS000181	12311	4647	2149	2078	4713	418	15.9	0	0	0	1602
PSC	0	PS000182	12041	5291	2169	2216	5240	459	20.3	0	0	0	1090
PSC	0	PS000183	10720	5642	2486	2537	5593	499	14.3	0	0	0	1684
PSC	0	PS000184	12419	5096	2006	2099	5001	433	19.4	0	0	0	1122
PSC	0	PS000185	11949	4375	2122	2036	4461	407	14.1	0	0	0	2379
PSC	0	PS000187	10114	4022	2081	1826	4279	381	10.1	0	0	0	4644
PSC	0	PS000188	11035	3850	2019	1881	3983	395	14.2	0	0	0	3922
PSC	0	PS000189	9559	4058	2034	1934	4155	366	8.2	0	0	0	5253
PSC	0	PS000191	10626	5870	2425	2511	5781	473	17.0	0	0	0	1654
PSC	0	PS000192	12912	3715	2459	1926	4245	338	15.4	0	0	0	1796
PSC	0	PS000193	10577	4635	2525	2213	4944	426	14.1	0	0	0	2982
PSC	0	PS000194	11249	4446	2110	2052	4502	402	14.1	0	0	0	2977
PSC	0	PS000195	10022	2918	1868	1527	3256	278	7.6	0	0	0	6307
PSC	0	PS000196	10603	5067	2247	2261	5048	455	11.3	0	0	0	2702
PSC	0	PS000197	8553	3399	2020	1739	3677	350	6.4	0	0	0	6969
PSC	0	PS000198	12562	4800	2078	2128	4747	478	18.9	0	0	0	1183
PSC	0	PS000199	12087	5366	2261	2355	5268	435	19.4	0	0	0	972
PSC	0	PS000200	9468	3767	2074	1835	4005	355	9.0	0	0	0	5690
PSC	0	PS000202	12031	4306	1927	1942	4287	412	15.9	0	0	0	2504
PSC	0	PS000205	10968	6143	2336	2674	5807	553	19.6	0	0	0	991
PSC	0	PS000210	10698	3055	5189	2512	5727	492	17.5	0	0	0	1630
PSC	0	PS000211	11172	5439	2368	2430	5377	486	14.7	0	0	0	1580
PSC	0	PS000212	10457	3799	1725	1684	3839	340	11.6	0	0	0	4960
PSC	0	PS000214	10805	4763	1927	2038	4649	438	13.2	0	0	0	3206
PSC	0	PS000362	1998	690	487	380	796	68	2.6	0	0	0	18539
PSC	0	PS000367	8473	3416	2207	1737	3883	327	6.2	0	0	0	6911
PSC	0	PS000370	4407	1430	1237	882	1785	151	2.9	0	0	0	14430
PSC	0	PS000423	12102	4112	2062	1914	4256	389	11.3	0	0	0	2608
PSC	0	PS000428	12869	4886	2044	2145	4781	434	26.8	0	0	0	921
PSC	0	PS000430	12841	4677	1945	2046	4574	416	22.0	0	0	0	1317
PSC	0	PS000432	12360	5083	2005	2203	4885	451	20.9	0	0	0	1244
PSC	0	PS000433	9407	3248	1782	1541	3492	311	5.7	0	0	0	6658
PSC	0	PS000436	7942	2716	2013	1486	3241	272	4.7	0	0	0	8464
PSC	0	PS000437	11913	5207	1962	2211	4958	459	17.0	0	0	0	1566
PSC	0	PS000440	11223	4069	2228	1956	4340	407	11.8	0	0	0	3311
PSC	0	PS000441	11169	4246	3875	2490	5631	444	17.3	0	0	0	1352
PSC	0	PS000444	13691	4595	1850	2004	4438	402	30.9	0	0	0	653
PSC	0	PS000566	11363	5739	2018	2406	5346	433	36.9	0	0	0	1592
PSC	0	PS000567	12591	5455	2062	2264	5253	481	33.4	0	0	0	507
PSC	0	PS000568	14260	4410	1827	1887	4349	364	34.6	0	0	0	342
PSC	0	PS000569	12671	5380	2052	2282	5148	444	32.2	0	0	0	582
PSC	0	PS000570	12319	5660	1955	2366	5247	497	35.1	0	0	0	626
PSC	0	PS000571	12636	5319	1987	2248	5052	477	30.4	0	0	0	708
PSC	0	PS000572	12250	5658	1992	2285	5365	477	33.6	0	0	0	622
PSC	0	PS000573	12387	5544	2051	2323	5269	440	31.4	0	0	0	723
PSC	0	PS000574	12423	5701	2042	2343	5398	477	32.6	0	0	0	376
PSC	0	PS000575	11797	6062	2110	2498	5671	470	33.4	0	0	0	604
